20161002010
20181004002
20181004004
20181004007
20181004008
20181004011
20181004012
20181004013
20181004014
20181004016
20181004022
20181004023
20181004037
20181004042
20181004043
20181004054
20181004055
20181004063
20181004064
20181004066
20181004069
20181004070
20181004071
20181004074
20181004080
20181004088
20181004089
20181004098
20181004102
20181004103
20181004104
20181004107
20181004110
20181004120
20181004122
20181004125
20181004126
20181004128
20181004131
20181004138
20181004139
20181004144
20181004145
20181004146
20181004147
20181004148
20181004149
20181004150