20161002101
20181004001
20181004003
20181004006
20181004009
20181004010
20181004019
20181004026
20181004028
20181004029
20181004030
20181004033
20181004039
20181004044
20181004045
20181004046
20181004048
20181004051
20181004053
20181004056
20181004058
20181004065
20181004067
20181004068
20181004072
20181004081
20181004083
20181004084
20181004085
20181004087
20181004091
20181004096
20181004105
20181004106
20181004111
20181004112
20181004114
20181004115
20181004117
20181004124
20181004129
20181004132
20181004133
20181004141
20181004151
20181004152
20181004153
20181004154
20181005013