20160408035
20181004005
20181004015
20181004017
20181004018
20181004020
20181004021
20181004024
20181004025
20181004027
20181004031
20181004032
20181004034
20181004035
20181004036
20181004038
20181004041
20181004047
20181004050
20181004052
20181004057
20181004059
20181004061
20181004062
20181004076
20181004077
20181004078
20181004079
20181004082
20181004086
20181004090
20181004092
20181004095
20181004097
20181004099
20181004100
20181004108
20181004113
20181004116
20181004119
20181004121
20181004123
20181004127
20181004130
20181004134
20181004136
20181004137
20181004140
20180804222